z_threshold=2

Quality metrics:
  snr: 49.49833401922511
  stationarity: 0.47018136637547325
  channel_correlation: 0.3539684232165438
  spike_rate: 35.79254930606282
  delta_power: 0.12264970667736032
  theta_power: 0.03369811400063849
  alpha_power: 0.03635743543244459
  beta_power: 0.012789509797344513
  gamma_power: 0.0005646991691919947
  alpha_theta_ratio: 1.0789160316733366