changed ica again

Quality metrics:
  snr: 48.066957084144306
  stationarity: 0.5993577179433535
  channel_correlation: 0.34863987194826257
  spike_rate: 46.16705821965135
  delta_power: 0.10785152246532213
  theta_power: 0.02381397522870073
  alpha_power: 0.02513402402373924
  beta_power: 0.00871858136917922
  gamma_power: 0.00042716829132906435
  alpha_theta_ratio: 1.0554316859054922