l_freq=0.5 z_threshold=2

Quality metrics:
  snr: 49.07190379709283
  stationarity: 0.6091036284990741
  channel_correlation: 0.31456595127758386
  spike_rate: 38.51696839279016
  delta_power: 0.09673938007197269
  theta_power: 0.028337526285384433
  alpha_power: 0.03223908811906128
  beta_power: 0.010787310740706093
  gamma_power: 0.00047080455595764354
  alpha_theta_ratio: 1.13768180731037